1.4974632800166106	7.490988532743158
41.51885200131295	77.8269637034254
-14.334974997981316	47.715554173685504
-24.644773775232636	50.400252867992705
-68.68257300942354	-89.52586065876544
12.377376601203325	6.3531606548462936
25.03334970784896	-19.807344744435408
-108.0512571352697	-44.819199658197945
0.9709863803283296	-1.4422766068767552
-38.12151788864068	24.609207570726507
-80.14103398724413	-44.13070788353828
-12.904937649190183	-15.311040323159697
-67.3251067750632	-93.0799106606751
92.04830055291733	88.49120056778217
5.282593683079702	-3.002664075225024
-73.52831684031382	91.28348159647861
-51.47140663615268	-82.08717223269257
-21.38435140023081	-56.860029297797226
73.64185148660565	50.675153313721125
-13.948686787617671	66.38864739617148
27.162919072211086	-37.20333523097389
21.779412196100697	-15.44268382316301
-69.14960558348581	-21.062810431188137
24.412852913152363	-88.46243068094758
7.505623145894251	35.53116776895904
-6.065223266328575	-26.71731916572365
113.41885144824145	56.81354721965282
-70.99558489100204	105.14714564046068
73.13559718560575	-24.43109060352312
-18.382683724651883	42.777561502721184
2.9866706787400332	-70.28590773466547
-88.65458384644883	-78.77315640424307
-33.62426528676587	75.82521499830435
-1.814214852667511	-3.493342781505103
-50.872166810300335	-9.154878406866352
-91.70322885514621	95.91226078388239
17.539015278497974	-2.87775200211473
-2.424299780765192	5.308067127850501
10.094036549758012	-65.25948355389902
44.81448629082544	-74.99999311685563
59.84887405370109	20.17164520247568
11.222780894894221	94.55049900527555
-72.76996067999885	-8.776126058889187
-48.5101893296152	-25.19303472119698
-4.986269919674291	11.336286130035111
18.667768711070586	-10.75686318035644
76.84188632567952	-35.095217088628985
25.7936276707229	-0.3708620860930907
6.5616100646814175	11.055242667668036
-84.62990716919003	-50.72132713225841
-62.76738947177964	-110.00268179934153
-8.647207960465606	8.486683754948077
5.332486880056031	-122.08590435765643
5.985132378063568	-77.20857375059295
20.866096991503113	-2.0368120370779277
37.21695426001691	7.439742052044593
-12.881495382655046	51.329870369106175
-107.86562608724245	-55.404050356924614
73.21729489763268	9.256854429366804
22.222439906556012	-39.55966164035589
-7.76201797573648	44.95310932620326
-6.152865269463234	39.14525003382724
1.2485224956636098	1.3218855012919748
-126.15640505205627	31.37700481323376
108.85374322032187	-43.28703833342236
-71.695504356022	-68.03444209336841
42.4661042783699	101.19941563793404
0.42898403029311016	-0.14914975578673148
-11.401192131881842	8.366237973883798
-138.02167323011133	30.340369563566455
-4.200549689976661	2.8881127926806744
-37.81263930713553	-3.3628563132330633
-18.959755748607606	23.885972395171287
-22.353862504865145	-52.569395068438936
10.745879132482003	4.367725431579388
83.2165715470645	-96.63770704650479
93.00935898780095	63.91586648421386
-3.8517652879675808	-21.86041610272792
116.8736191305652	47.30622969512107
-22.313977388996307	104.4577350837575
-0.16015416855162456	40.753406581504805
-50.753362647421994	52.29730701302974
-1.556802156115269	0.08907570874503279
3.1300627818001896	-32.6347088719918
126.45044763155649	4.5677530891685905
-47.00708325261208	-3.5476001722704424
4.103594940182897	3.9468223485099303
62.27754213876782	-79.21762030212652
-7.650762829889741	-5.639766443572022
17.479898034443806	138.25764020964152
45.30028691786037	-9.529413421241223
116.48521061395121	-12.644985388017837
79.91647111683959	-106.26802833789439
94.2252983610381	11.294842953040856
0.5732165719274249	-126.09204144320333
18.98641405475265	26.82489701977388
42.57663845508736	-60.35710077506576
-0.1033534218321055	-14.980883519372375
-128.39131867107545	-48.28638164820038
-21.401823186528247	7.02792571772704
6.330072735114939	12.557045125516343
3.289345836361795	-3.220456712932603
42.66980575068498	22.51220131860365
-128.9409482898173	1.9944518818429628
-91.03985983847089	-43.01326897047663
-35.25157292825974	-49.482671880976206
-1.7872017959182784	-20.251513228300677
109.19697905063744	-73.7300413511875
31.881904129856984	2.8528815517696415
15.089710926529321	-58.479655261643856
-24.693999258220977	-81.97433847161929
-11.951545655060944	12.566055831890012
-19.85317516397747	-11.328196343812191
-0.6855123876544837	-26.95692834543352
-112.55283996192873	52.81530925031419
-131.71539238459792	8.795055148375965
-74.3176105308644	-10.719634069165664
0.62404862239989	85.33597014069875
-29.99690086514363	-129.3044113747458
-54.13902222474559	21.33222859912242
-52.970048024367955	-97.7640318779129
-87.51341767914282	-78.76841961682781
-120.1155934387103	-28.469592844314043
-108.45867453186841	46.506177942735576
2.2269502007760167	130.66447681393487
-88.16478878174752	-6.536388016516732
-33.08176452053881	130.57363256553487
68.75820005566639	-62.002855203332054
7.014191250399986	7.380587298932817
28.55760508005076	-80.20185477050251
-9.935969224091757	-99.50227970987612
7.840837551513072	-14.108691116356063
-36.81740755891872	41.07016345171351
17.090281662680034	23.358035690164684
-40.003869849037045	-8.639833840032109
-12.806653862582571	5.718272542370673
71.89368533374027	-31.401580178434127
105.41953117366046	9.272962698209788
90.31716149635281	14.58176254469182
-11.09519452887438	9.665725413507243
-0.9959193808712778	5.932880353987731
-11.528194976549997	-121.35820241628014
1.2492744478151252	34.58403071643299
-42.06331809622135	131.50857069769916
-57.90742534999524	-96.62010654804197
-79.53986411064572	8.972267844190483
10.542695944704901	20.862618024772082
33.060543020558605	-74.04245387677582
-36.09935014704833	-15.244877181616454
-27.193580256697054	1.4549612501468747
-76.31526393782818	-92.04522734105339
-74.54630995901744	-53.106968200382376
56.66004938447777	-101.1476422992118
-69.4317674976408	-56.68054997066879
71.3419249817626	-17.461350874196214
58.12644174901607	63.89937193468171
45.26499869042085	10.966202929883838
-24.050318239064218	114.32879113702595
63.69638723901876	46.45109271592409
-6.076742607048139	-93.51098401705408
-26.273198667638447	-110.84882269845338
86.70854405308508	55.87289686878135
-35.12719703447516	56.520715526849315
-50.71234552410014	33.80124771066256
-31.678153795855486	-6.8103676170469285
30.102063449505707	7.095137269229852
11.256287517343361	43.10669957159353
10.00109311012325	22.053346654911408
2.113400738892817	6.372436369316899
-1.064532684132999	-128.78041822790146
74.26316210971288	65.48159771088805
68.86999335304387	111.32175208287174
25.795447812431355	-119.8744442148465
-65.68018289122644	47.95445035898477
-83.04599388877786	-21.260239695423493
-111.25076564531335	-20.78964504624455
-79.03233074074444	-7.6368086743899894
44.92006425929011	11.729804499653952
-10.524208484915615	-25.533056500469993
-52.942458374654315	-6.08075378393513
56.159334650742785	52.97783014929903
92.93643735367401	101.05935575765282
100.29539195867504	-48.14892878146448
29.871729271325762	-13.797397713210486
-12.57382851703857	115.82971574003031
6.739131105011604	-7.73578467904776
98.49286136468048	44.589315253603544
43.40881616657771	5.473266300916929
-1.17692157566582	-16.98689079027577
-11.960180367288075	-13.505884498168484
-112.57396782180467	12.468139323795462
73.49147657133693	-1.2605200998229336
-128.97394352998055	25.643600166158514
40.14215766599415	-12.387836368249761
-42.71929486498375	107.4260409771607
84.84756695841963	-25.490383000922115
4.140182011949018	6.8183286665958525
-15.904868634932381	21.601690979456077
104.91778349632169	-85.89483622822344
-26.798399221361187	-66.1143373125378
-1.448933894682079	1.1258305570096714
4.994640916003762	20.258160392528623
-16.214754411346235	-138.0564562019215
68.63093247164491	72.75246066525875
34.53602417922988	5.421181198615393
44.598149058134986	54.80192634801816
-34.40920259560224	1.2946714806035118
-8.773936284939868	71.81752524264932
15.716785754212644	86.55988038497614
-23.214039714253264	57.39325487952725
-3.7879748921491556	1.2141939094092855
-56.01607850743054	78.25179715073932
55.35225069436123	26.569950316418247
56.54552815568466	58.818501017070794
23.44584567005911	-33.84417376712643
0.30276933809491013	-0.8916149351471125
-31.10003260566379	48.086965483685354
97.98771832579554	60.62079857271492
-12.106071191953628	16.798984237384488
-51.3930039295647	-107.68260662488375
-24.954907150247337	112.57796431079133
22.549770773598794	10.984086981415636
-39.67646238881243	-16.08222545981841
-39.853822869439504	46.23224211049851
45.56402471931548	29.207055130942532
2.495416712381219	-0.716134590389416
-56.55599805805921	30.033729351380536
-10.13961822313637	-0.2575751492268754
-12.240762778511112	-68.01992317961138
13.480667169960899	57.05236815703901
8.887271505860532	-20.72631487621615
68.87697849071161	-33.051241196487524
47.158410694832085	29.41458421753721
63.23180265669593	119.9941393177913
-48.457973692746954	-42.91211772743565
1.7675307629200032	1.679784861277765
62.30821471200284	89.7756472058393
-93.3039239143979	64.63710461836604
42.50248656027238	52.0868794420092
32.384713249747556	21.728869390025494
-46.27767817369116	1.2581242398171213
-6.79044585133178	-12.029590633922007
34.353824521946756	-18.55535199615871
3.942645554933838	8.796733849127612
-45.58402416155059	63.22319266698034
-57.51798653550635	91.03985978358192
44.979322756180586	30.826825000091567
-17.60653392404732	-98.45448457935382
-127.04417659739023	54.84993819152318
-21.239291478214895	-102.71360015939398
90.30194749479014	46.88580858091251
-53.944274461044586	-13.351618322986806
-29.15561233961983	14.230600636526058
-9.462760877232727	3.5396750285314393
6.87988684500592	42.61294540715381
-27.290265645359046	-36.04613788047795
-40.7602305617964	-108.83068634671602
26.812694286592233	110.67427618559563
44.22488515297957	-20.89889195098732
118.22318035791848	-18.202536923715897
12.463471825068055	102.20862512711346
-107.17322338869177	64.03884521446288
-0.7848191105262927	-95.56471350128083
21.616666433668417	-19.293508948453887
-33.85796743416629	-39.49284131231071
-21.922384495892032	56.11625910136652
-39.365932212407486	-129.2391010595381
0.5366678107767154	0.25796241748736637
-37.8045492010698	-42.54681073999611
26.994973873188446	25.496786308334553
15.135743073103484	60.881832410502795
-4.0189786608109355	-27.862974511894798
-128.48659637566348	24.252361586101877
62.65845901810877	-39.58692830488188
32.16626278166822	7.600432666836992
99.8058686584921	-80.5197195017885
-87.55577002912051	0.7536441290164149
56.06955198749978	88.16936853935192
-14.896811374624914	32.91480302727298
62.341587819681024	121.45534361272195
8.607546634869047	-19.496839550729028
-130.71463361471106	-29.67413879109106
-9.521525400168702	-4.454420880820676
-48.22538387746894	34.018776703022596
-74.4848747976121	53.99802791575646
25.640074770911525	-25.486253130181765
9.591569459082445	-13.159947528858813
-0.40524925284328805	-9.404592485105589
39.56233058825024	53.92987647289528
-1.486943978956992	2.1497861304599364
91.54327450815043	99.11247049287314
-1.2835390862268605	-11.175212327184784
-68.54344657139472	110.06621952796013
-13.59819092800985	78.58034884118726
5.355030138688717	-25.437113662697058
28.586843500513485	-60.23181586225371
8.090439869170567	-57.263443425621375
32.14096536677519	-7.124616361270499
139.75590183726942	-7.748673043011905
4.364667419601094	-1.9198006837599053
21.83319609612088	69.44052183690141
-41.908430319928925	8.025755852029075
44.14737956626725	-92.82035687795438
1.7709266033981947	-74.98893205072415
15.872082716944547	-36.76313494864654
-70.46421606071297	55.39598599730333
3.8572516302335913	-3.6163979901693475
41.17506273413397	18.93831550797831
-77.45756953661073	-36.96768958645984
-28.02173173123525	40.837954296266886
-76.7422981070363	-35.0083522277478
-22.34145431731813	-119.55489826318205
17.290557288223194	-20.304561641043446
-0.5300122630876145	6.741242595180049
-108.00649195428261	-32.53594090454903
-4.161072721097764	-6.324779118800176
-17.07741490645827	-31.580092028925005
-128.8432888326748	25.706425025260494
45.615024887536684	22.45347781281354
-128.1811345682441	2.1118094814421084
26.138429054993757	28.71968843226223
48.16918615213021	-7.837346135563411
3.804205426308006	-3.86135852250268
-59.49229138514912	-22.2815787983076
6.5294787819529665	-19.88392535781391
83.89497627802082	-64.9049300033979
15.361832915654597	18.291037455935545
-14.770366012342018	42.48247747679205
-105.42807955961186	89.77836023448091
-84.5219534328189	27.050506146787825
-26.134283304208687	30.33686632466656
-2.2011359617076	0.1462376256342819
-108.14609905238457	27.905317930330384
-91.9894738477712	25.38620606869197
27.63199211512728	-74.02039667000594
22.294825165083928	22.99270042047155
54.228357374968795	96.21945711840081
-5.247148720079794	11.814908917927808
135.58410331924745	-10.659939384219719
-25.08638807778118	-103.33643916398444
69.23751441351368	44.03021682253624
106.97412287741855	65.3070161786394
14.445563762810512	14.007111501186913
67.2111356175658	56.04445639140286
25.243749514232615	12.725507389266799
128.37224117656177	36.87387512568773
-42.54416449172968	36.16956762148977
-10.01660098797413	-1.79126045757996
81.00708422340374	-108.94269663515114
101.50155270145495	-90.99121404924963
0.6901250076909591	-80.17633805970797
-46.70000644482483	3.0186055784599617
-30.628259121481307	44.469967546635814
13.620548565776765	96.61359119171092
41.69535410631292	18.6848102655478
-0.2626821407576111	0.41125326457311817
-81.3401861454873	-1.583683357513607
-11.980910914252563	14.337622399293968
16.7439846657453	28.65438259951882
9.563245524232919	108.71960693402474
-18.77294506967515	-16.815468950115235
-4.146606528059234	-55.93068951591695
29.997795195872307	20.819778215194262
65.00160825526697	-109.55937961204572
-49.28389416051988	-1.9015499840225303
-89.38486239012232	-48.3362233395226
-111.31766810955611	75.32843434534186
-106.3392534852745	-19.26913816601445
8.931519166187227	1.089122736406909
-72.43098481682861	42.973322022070306
21.04343428070471	7.888060166224993
14.044505113833491	13.696803488528925
-13.607074194379782	-24.546620221607228
-5.599314835568702	-21.87184492167689
-4.378332457080674	78.96807591262774
66.71862413066589	-78.47724776202404
52.21061003247271	113.2374624985139
-0.6277777328160595	-1.8682705836780644
-2.572939352790323	-0.07961048176442564
1.5602541436482902	-29.161530090138626
-26.608314921304427	-47.85720000724787
10.009039894387408	34.84534453969094
-5.403788597802573	-8.134511572071077
-97.78820663427746	-23.739475841284168
-69.67656191696534	0.4326544679681419
21.250705846570487	20.14248127864158
27.95187411957062	41.520764973219414
-10.651280533290773	-0.7379644705360322
97.88122052653685	74.09465501716736
34.61383985127972	35.50899780081795
-124.13705395181469	26.13337637496374
-11.251345099532848	68.57349537393961
-1.9678347470079132	114.7296907255262
-3.650883972703866	-117.99329482312939
79.63345455089188	-75.15666507548994
71.02649452165362	42.15630315156428
3.6848630428215987	26.28706523307666
106.83731179770537	-69.09655968075988
-106.99521474337119	50.88925011633698
95.55674084373581	1.9617731801512477
-16.539347667953056	-46.133782850662044
84.949054336838	73.48534792705954
34.325842385438335	-118.45329725020443
-62.9994394825125	-14.615030690945432
112.20345539057723	27.66371468840112
17.03151640070656	32.28167188862145
29.026334063490665	-18.54015573118368
7.881138355073373	-6.7632079385168655
40.10981168037948	20.930859956771044
16.31350340245811	63.43226105974331
-4.00626458573219	106.26334873636651
21.949125294782903	-1.5316639570506148
36.14233004836312	107.12067952907448
-26.806750028625007	-23.40768853107988
52.80686882343514	-24.416497380589846
-70.35832126817196	30.11457298907408
-88.06030311459337	-52.99775734351353
-51.75214433009759	35.61438199666442
69.61023317038615	-107.83149930410315
76.27833383634666	-52.53596310013996
-44.201173339543075	46.8340648789445
0.20531498818738925	19.915785777339405
63.66215149808901	33.54724341633737
-1.464570965810365	-1.123591569481366
-15.571479704118943	-31.712548930705402
0.9543882167928222	7.96182070467407
42.42334301379221	63.399114177795106
64.60001279584904	35.15124207647618
82.0345588963136	-64.71132114260519
-56.57087247490037	47.58046655035825
21.618833173399118	-132.40675781969756
-93.34716925049233	13.188512855664001
-96.67212806257174	72.33741325749577
27.384847543985625	-85.56663584472165
-29.95955370239846	13.090314017874212
91.34262227855669	84.00071254628546
22.03878343580645	36.09994247604123
94.92682489857077	-11.597195957082228
-53.893087385416784	-56.1360921992413
9.027630999708947	-139.6639656655627
-71.3059439260482	-34.162902251453474
-13.647639333813512	15.493297680965835
68.51978752441222	15.494090703921401
25.949076993032993	-16.159718940806695
-2.218057652765509	-28.931571861983794
26.209060926561595	-32.007530994469576
41.13916120943215	34.55096094532336
-22.006044155107823	-104.08353222195089
-88.09398554477004	39.83676587970807
-6.962059847332625	-137.34773650314835
91.05941938507925	-60.572602765202475
-33.94665200836223	-18.687069353765956
19.782251299482645	83.92883198660519
24.013891160412307	25.335117864679326
135.70227097229224	19.022446161223144
-117.23613250152296	37.901804076352235
129.37340055904997	-27.182193248770062
41.10310321380678	-29.620665552457005
53.480797503791806	-30.86068881172082
-47.49555349746237	37.04602759333093
-53.51008967856263	-104.17829180319583
5.339180225043587	7.2068312072807705
26.85564855390833	30.54526698458477
16.168362474009808	-11.183181847572673
-115.11240055831637	18.795081345081613
38.820857043927525	-17.771830652160958
-80.08146756558808	44.98535950038742
-3.2986143422934617	-129.85216235576212
-54.2356937718731	-9.562992863110079
79.97751964842686	63.34381892764147
-3.4487378766541	-5.890208571217576
-58.279529185033205	-124.57512037859593
134.05035599923315	28.3168698885881
9.578308105165334	43.150869876018774
36.37227863161232	93.84081431332541
13.488366644773492	90.99188264456778
-102.67337930041177	-0.843198574714485
47.64079315507741	117.70018346777712
-15.155270621859684	-33.85859122728091
21.101200276579966	27.005211815025
28.145790169516662	-13.473417263243629
5.435537500293151	97.9056065260403
0.8898203764260515	-32.730329572716194
-0.6986818694271761	-99.67538713623256
56.804212515192106	3.153664414701584
56.37821011632752	103.61036708171218
-30.285362062590025	24.79887935181715
-80.39336412089732	19.611716968929414
-28.84445844151616	-31.371506257606548
12.340025048483263	97.86950778017768
-34.1573075514071	73.95147005410371
65.07078706480773	21.954769825416534
-31.900912137873668	120.25973826438647
-54.77865845463061	47.17094693014915
-0.23978760366654583	-0.1019638730054771
101.18816886868844	31.815157419272808
-24.700353009628206	52.26929148448245
6.586470050454256	-23.873427857809844
-1.8375330416812479	-9.553799664885203
119.22462642079552	-48.22317916032006
3.6422219875661863	23.203036759006615
32.900440155854064	7.846905256603769
-2.9156400335235535	-24.175930151052803
-58.72485043965986	-19.732769862700213
77.3007386128815	102.39048844998194
7.679050050259141	-20.528724756987614
38.04139857064811	-33.50966967373789
17.83581547713356	10.830150029088827
-2.6479287819438007	-28.706962581169186
-17.237655372252704	42.00031563339641
-33.87150191062566	-47.47653632457163
43.58946736600734	-116.68332800376078
9.927719870093995	88.33924409830324
-45.76782199835512	-79.03873117516929
0.4048733506024087	-11.807724057821243
-45.06485915370884	-9.416166682856964
-108.28388903371136	13.516470162476992
-2.293702142093106	-3.8136272932531616
-13.308101966569158	-7.512138071694896
1.340645420749972	-86.67248051738855
-15.338579346767725	-10.795081710893955
-39.61058619413115	70.42357793590006
0.8650607997123261	0.4636101381980131
-116.08788644981834	-0.8008927031793789
-15.515164592324346	0.7475934097295598
0.9324276390042299	-1.7558384149979018
-129.3426124123811	-9.916134963511574
-109.60802262527447	-75.41570296051619
-41.71499674326639	-62.23813221830748
-106.52678117832671	36.95707554260953
-7.862671362879382	1.216161817310279
-6.197409426284182	-57.49201711158276
2.4642108915730967	1.6384871662985487
-40.29867955620913	69.93548367247458
11.596761377216055	103.50272654608794
-2.275084014075553	-116.85148822430438
65.64293000948398	105.2408638417446
-75.18588886745154	37.50733954658676
-29.808662939758158	-69.08159819650666
-42.3647036603731	53.54228220304237
33.35286993651462	63.91411222074639
2.301278581425985	-1.6943827946049734
-28.232639810935492	28.452264360300166
-82.15941326049496	-63.0098108477775
41.31149525634504	122.57039283358102
26.217600106897756	-50.03920640804866
141.13758342723807	2.405446204004619
-13.250375418670583	-1.2222139609320353
12.319786739180673	11.378927532916093
-59.06981328413655	123.0982593009004
-3.1966229767205157	-54.44622677995484
-23.75823818860257	-48.95266173963301
62.96155142340044	26.420427345549196
13.98188504345794	4.934623309619979
-67.35585059640803	43.21003905274317
18.894411963215333	39.362069377456706
-41.85053559245713	41.16657111696488
2.7578416318351042	-6.321290945857303
-33.918598547327406	88.44998944559163
-1.2712601172603841	0.6883571232632877
4.650725730416569	3.5679559497200097
-35.992764236735255	-95.69949931047053
-27.652294192201996	89.60586177379889
-6.541301410097523	-33.345311558219294
-6.498961028745896	48.11035159432782
-109.05496707551785	-9.624131827285119
59.4938873884835	1.7347839448585738
79.91032332863664	-13.828340669979937
13.74698330565411	-31.462460261026038
59.143050552086855	81.12113051835847
-8.366993651622723	13.623297217923975
19.212256770102115	47.49049985082574
7.576575538244497	21.467658532778298
75.34599569111643	-4.097030046243738
58.04401990319822	-107.19587995050135
7.007858022373969	-10.355962131340316
-23.696874597900674	-134.39479171839952
-114.4212319528534	-56.183055325111994
-108.64798459916733	-28.347204316487897
6.113062281006734	-126.86731346021253
117.08871785915494	-71.912147502386
-100.82229551120213	7.8156447656197585
-13.591007578718353	15.071777178502815
39.08521893075524	5.793876860297516
-63.45552970246641	-17.74229831173017
0.8229199478699438	0.5824551293768929
17.4410843547863	17.00140634989499
68.72183492990777	94.23529896791254
-1.4934899937946202	11.048251635408219
-1.439321503794309	-16.18402328277122
-119.08476218136624	-49.08432582484682
19.302632028285736	-38.50595308270696
51.13876178690822	-4.52058727199741
-49.49733513643223	4.747392327492253
10.781249717423535	-54.22406694956288
-48.47840142626074	-26.266339494880903
-15.723525631827354	-56.23536648001583
-54.18014214324346	-36.31414331534664
25.423027489498395	-132.7525027808958
-57.08859148313673	70.76249766788739
21.973332005611013	106.61845712012777
-78.98240042835255	77.8133588324838
42.98113843659757	-58.57306699765969
-21.145440252467377	-17.451993779617208
2.0711320371404938	-125.71212351031616
78.89052382121234	-76.56148267721504
43.12444335313607	-16.53726236532509
102.7341726751294	-26.0284380688056
16.152858964321215	-4.850907223430805
48.99519508246354	-24.15606867655998
-54.33926493141928	-91.35183370389854
37.87695603196198	11.218074418180974
-3.0207029826548615	0.131938728785302
-43.050035822493754	19.005910676484085
-15.150832582199236	-27.52277693030684
25.565817960486754	-0.10046944936039282
2.217653872314216	108.02052882662932
-83.6429742459103	-9.016377978667492
-27.305762079033407	-19.480931930419523
26.88224527354131	-38.403307763676445
56.3300210037505	81.8595854128845
28.496881235076906	-1.393118639941397
26.12699657330521	22.97106907253279
34.59637279939473	89.75204165077076
-38.006633075199574	-55.238255886814414
-70.78294046005432	-58.686571151477196
-12.13018737680505	29.244146981595332
26.595689707242663	14.040498029960617
-131.56371335011272	-47.16669349721892
-32.904404637632126	-19.790319713506673
-85.23150306215862	-56.61962864521493
-21.47097209722769	-32.915268457161844
-131.11968309718526	48.947293076957244
-50.76479335434722	87.97411004885124
7.992976223444067	134.26984353162018
-94.2614136235662	-104.72646907978935
10.088240632051143	52.74495271339026
30.216939968742857	-43.90898706659397
-15.450295585213288	17.961865832845483
-47.14261893665612	50.282337353688945
-10.158795818842743	5.690670189619848
-11.041714388712169	14.635997010746934
-18.899082018055026	41.28322937823877
-96.68767428395785	-11.802205752260214
-14.28388048474373	-21.24220690193938
118.81101445113437	-20.515004272410394
6.995993712709791	-21.63968881879153
22.945642299949114	-33.372765389784206
30.82546721269842	-1.2718040315772665
-29.039197481727783	0.9957208625183274
-25.82258577800743	-62.25374118849724
140.64229475681546	-5.302394959697978
74.12742354964323	20.230366535310004
49.74932430680623	-66.48527827908784
-80.44523195781356	-97.47022990270266
78.60407502635718	35.646593030751504
8.108128816818876	-73.20773443537026
-54.51887760300447	95.91518438926393
122.50671317289232	11.933816368731804
83.30980121461047	10.69447358584734
57.320817809097576	2.602534704643446
-1.035804050526103	72.04064535297567
17.987711668870887	34.64428670075395
4.718434699334693	2.175537570473943
73.89518726945472	-55.74813604639281
131.18519399466174	-41.95988531573711
-24.874190843477365	86.67570645347601
24.98001852765948	104.73601729417264
60.857965752022565	76.83889658208993
40.92554235970513	-23.25900103834401
68.45720256090945	7.742833293174378
1.7247626885148044	-25.830172802269537
-101.86475783211093	36.271150262903134
15.163390160136572	13.793467575264241
5.244955911959724	-21.088207317681636
51.221605374465454	10.556421197179763
-49.643259936376346	-81.49974230394812
49.61433417938666	122.0657403222964
-48.81486322886722	-21.849770938091133
-64.54522557659712	113.5710153285165
106.57492163214191	-91.67277255665154
48.0494451840751	-8.065791123997347
-3.227673468782391	-0.3223048189925668
-32.9109616655491	-21.652124483611892
-74.39589429964494	55.31893978712343
27.393200252145895	51.11360120144753
57.50541739070656	-57.06153000021529
93.30809450556981	-77.97080552943987
39.40910856082874	-9.704214853104736
90.4728580824914	45.71946976547131
1.6339348847960509	3.646143184758296
-0.08499000263803325	1.562999611980943
25.013069206281823	31.602636020986335
30.86505285763363	-15.092429143744361
69.59859298300272	46.853932272560456
14.836079888715282	115.57285699116724
12.645446450283565	-112.73911606450272
17.324940920416044	76.61638836536942
-122.77772758536858	54.062506133381156
-114.41500111471575	-68.05804334320487
2.6503582118464486	-23.495635181165348
106.7169860628016	13.775732072168907
94.57978143304713	73.90228685499535
-56.99434393118841	-10.96202493625998
24.148521354496292	25.30805818991543
-37.25849140377629	-0.9474802572205299
-28.233679248319405	27.955046379178427
-65.08164812906352	-3.821045168345762
26.95616207622431	5.983527711971851
36.53857644613744	-105.32048005685915
15.19220998910645	17.562193121032116
14.02002365642483	28.78239404219165
-54.586789889733744	1.386081147722905
7.446042903326966	6.07591281751123
129.7328552468546	18.289690235821347
66.68813172014076	-53.716904667188444
119.55208471610644	1.2324813660726335
-8.81755434244058	19.07019783578484
-31.15239122767645	71.32316907587625
34.25765029384189	-34.59910232586252
73.21180222630758	-0.7599973400400657
-1.208123576505118	24.712722297945128
68.55755495790761	58.09253106682692
91.95231415332557	74.8313660875312
26.36238613050112	11.529567547766039
-20.78896624041264	-99.4939731983539
106.29517845644791	19.30014851078461
-9.50390971519384	-0.07856180821659287
-23.80285920965426	-13.936657953018898
72.78038749887237	108.47191066638963
-11.068597400678158	-90.67770573751271
30.673292481623147	39.981735366456064
-6.979554497480889	-21.785165142900873
15.74450726788454	-3.363298839427852
-113.2612726002413	71.61748038054715
12.817967216772786	-67.90831376527757
107.87576624919011	-47.90897608555933
118.55850844437576	-16.015412493827668
-7.567665721886774	0.32157406863677407
5.087480890732796	16.94437021863839
129.01287261940035	14.498693893919409
-40.094064568489095	120.2158313674349
54.38751473637947	25.70776687977177
62.19019573972096	-85.78515034917478
-41.64461097276575	-88.14302276329008
-3.9246560785966804	1.9673890933178524
76.74383063168186	-78.19542736796178
-5.327968642860494	-55.13844825927907
57.75807777359704	93.70452498438924
34.8157241832365	11.54653776822694
-31.09765939809909	37.984792092776026
65.72111019780768	48.57962582482318
86.0861584901274	-28.711226780163813
16.371272754401275	-74.47471771017503
110.19289387190499	80.62439917795108
-103.72702698783596	-33.232175793681854
-69.52762563165597	-98.79082262687218
-58.12889812699754	-12.019991595181619
-48.011759097401836	-27.53831502692324
112.20696322454981	65.5673408804578
-64.81354473228596	1.5306262869473102
-36.5544639472017	37.33640427530305
-106.90215029262393	-51.88291421280721
6.755730737245727	-138.2730207040701
-19.253271523050845	-69.12545485049954
-61.20195438332096	71.31838536988951
-0.7275245867967115	70.08364813557105
78.3651490447526	114.3423408576671
-56.2129463857845	29.452276623954013
53.400467109004474	-50.789056581714654
9.019471438377028	-20.483515960080585
6.763512549639945	9.150040702289825
16.130724903078097	32.20232464030688
-46.76579569857681	-91.66397735207401
-96.10391332684476	41.92804530358474
-4.343890517948701	-103.70076773789137
50.601548793679925	12.57997683903686
-23.4098302988169	-4.3817252672124685
18.281717357840336	34.62946122901864
-8.99705491292028	-41.65786292016985
79.53798387682717	-63.134157659254
-122.68367566406582	-11.65410582338555
26.00677156104849	56.543067417339444
-15.177274065050877	-6.723685009331887
-96.04679000289467	-36.12338092861033
-41.79395984512017	82.69313756004668
-33.26842062790649	-134.41372946884817
2.5049369053298705	-66.57509859143377
-102.30996958421032	-4.4085949282846855
74.38666288073036	-64.08183696280433
82.8262006242921	-71.39910542819236
11.065060512233003	1.3133801621777605
62.41510873885746	123.6379276201504
-103.84830839925323	58.08968115964109
-15.03325053588857	-6.104161363799649
10.59339951986386	38.81597556173505
-6.811501827739798	-4.580252818277836
-65.55603933953508	-73.1873686756813
68.20988481464298	4.060479800878788
85.42569177464812	16.338908093537825
95.23245815839408	0.6964200937015903
101.7976497831049	-46.07229111906006
-98.57662841509098	-90.63605165386171
-4.214735246130035	0.9069571400048018
92.89870949111626	46.89728440290155
-5.441278623487998	-25.309890856625387
-37.94052166832168	126.336758736799
-11.015802946057619	-60.79214605927264
81.99209903342704	78.23547502343182
-24.518700395554482	89.04288889071077
-100.55102405810217	11.278362245810236
-40.298625591896275	29.37147474354321
59.25368460336816	-1.0593351853829702
11.193977137893215	12.695171894157339
25.858050091915572	78.02556402180646
-7.32358519693966	-6.549247356472969
38.58492862975517	58.02999458018854
4.9736847612419215	-27.655858794249696
0.05277945635310724	0.40886861609453407
128.98485083681726	-57.19760692545423
94.09818006487869	-95.66157994557283
29.354360086228457	35.203122730707896
-27.64168370677004	90.70943362875248
106.90349916661779	81.69570622398084
-30.126616838561873	5.4180308119335905
-26.511949595025563	37.39082435180229
-19.049518092399346	77.36066625675056
30.752721654322613	13.78319310462677
67.34698584230917	-34.03785737286225
-8.174229524903469	-10.65849734488406
12.997879299416176	114.91897376206956
-21.17160709140478	130.12301172944476
3.0995263502447568	-9.66973059352101
3.9147009442002703	4.014077990970323
-0.10552246693589407	5.902376377811301
6.3271455552813265	-42.27336252019804
-15.849569878604719	-122.94915516136913
19.962571948401653	-44.14471119390513
93.35931020339378	70.48255892085977
54.04060311573055	-84.2385443151283
62.10434883455916	-24.26169234764717
104.8178285001322	11.271334142519649
-18.318487588927688	27.538371602199057
-1.6506195030715443	0.9173238875390363
-99.52278803778064	-75.34797021316233
20.12005496043652	102.8933145373689
-6.340545649768698	6.378813853807461
9.52704147316534	-60.05657426897939
-27.558055487080313	-31.559797274996416
7.368243279967729	-110.90514624948412
-105.09487857725422	79.03423032976274
44.84019284301457	-133.2928282213125
13.079600081462585	-9.362953078223084
19.440477766726406	30.169467081830643
78.51111734671858	-20.826390381939323
4.351624876538391	-8.915596128960834
30.323187016395043	20.290677255526223
-59.59164718941735	110.32940743688465
-23.901418518146386	-41.6710008167713
-40.2822522128033	120.58678097406407
-25.49763711577219	-5.001834495633734
-0.8920111344084469	1.858080929755556
-22.940613958046644	0.10428842249227088
69.76529991005644	-110.33209502992743
55.70045153604845	-118.7012647759273
-114.65963448157801	-58.49788756649063
-44.761652021554944	-28.06705518343872
-11.223758299897451	-11.827730004413048
4.638633294219723	7.236429730217951
29.154923191354335	11.79460886333807
17.04965541878461	-4.694764492352768
-97.90278623785818	-4.962623151732522
-24.860699610479536	-95.28505450651642
-64.25995151053175	24.00563222896126
-5.403434710805036	-12.79514943270819
3.670635918111344	125.88334161349533
111.74706569865754	82.78780315850327
6.125311393693199	-14.310899479179728
-0.370574984690402	-0.8364933955847429
-80.92628484165098	-49.29395456364153
-36.30633834845397	-79.58763161962239
-93.16595783208345	-19.746443979833096
-1.0918899369425183	26.464782793112327
-136.62726940156983	6.675322768984458
-34.54756675465152	43.795959495452955
-76.44091009420555	-0.5358181141783618
-56.99634174817132	-3.7038654013503205
79.11692164924672	77.77850891491464
-40.66486232934448	27.376875761179218
-81.24670867214093	38.560799014492794
-33.86315467951626	-19.6086502481933
45.481941831679215	100.46457466202096
12.221619162575152	-97.91050749969209
-1.9032695700541045	-1.631709367571992
-18.91603411526048	5.481559573867287
-39.23206641486325	10.823784166981156
-0.45699209649571215	-2.4415285702453495
0.5042657440830993	-81.20915405130678
20.828924818861164	30.309922283316798
-27.618633146444637	-114.17222623608106
70.95060328417469	-90.96354974824317
83.03227938122738	97.99005056967586
58.86337167367766	119.58299672965795
53.542496664705716	69.68506214186488
-4.183293537292368	-1.0119523229009117
34.84867981930882	92.96783849176694
-0.020478915367768413	0.041536910122080425
-81.15738400418353	27.301639540125752
-116.78496716524808	72.27386156814316
51.296355004323715	13.192392134793636
-114.59141596517833	38.912276808610294
-0.5140027307519368	-13.321793480815733
-73.4285211702529	-3.0758254139897687
-22.554883450056998	-106.41649314487498
-109.2142491596504	-70.49583041779658
92.30825516299946	52.0240417016618
-3.076718048692216	34.80511312151534
32.97294842344154	43.55823554745247
-112.89291195093297	-13.259291831950094
46.43844538072231	-75.03836381953204
3.8065872390868307	83.84007068832744
-39.32754773317202	-21.86587963793101
-7.904918881887788	-104.74325232322644
17.02371281216155	36.01547484732552
11.992862796568899	4.622842495957039
-32.24142284527694	-4.156292767535996
-22.4901096941609	91.88794900190089
29.680646426726884	3.325510212322822
-38.15356122686372	79.7022839514278
30.48058620231854	69.69393948390021
11.97795756729429	-60.034775156479874
-5.227019415651479	0.7823392957517097
11.238479140175176	-46.069354718539614
83.23391536270805	16.275799445276867
7.920453948243356	88.51371809888309
51.036024381586955	39.2135140766315
-110.71381269355442	77.49946661657353
-67.9863140496408	-92.22849379960498
53.563572547334246	-8.419142678870895
121.61131236485464	40.302578344645426
78.41358853812811	-56.53632415154398
-60.84687878183104	68.17353368279345
1.2827589102059065	-50.51774293707652
2.521656354410342	2.56504902191499
-77.08317667523303	-86.19695988026331
74.74770535602806	-71.46746281068545
-77.08592125833368	-74.00583346300124
-106.66731944158113	-29.709675954919533
69.08114871887189	-28.654187748824512
83.77644174694242	87.1041440689803
64.51400895529335	-26.47766418615941
-8.459847185564527	-15.363018934897255
-97.03700070839425	-49.28580204618551
73.53516087572297	-110.32552757878227
91.73294483069455	-57.0113311125676
-60.98014141905689	-74.69862242289842
44.5377165677939	92.65674853044203
-57.29341816007933	-10.094995367927442
117.82468929660203	-50.63247932346567
115.93950048072693	71.46338650042156
-5.0724955372719265	72.69012213305575
43.33070104711619	16.79478533217511
0.11464177980473755	-2.0036278408041275
16.68803145038317	21.837242600699298
23.126441658987726	-27.496220124368822
-24.98875397872745	-10.78263045561813
25.087709400456426	7.532486632444218
-65.9685701148069	85.26981886563841
14.611588372206775	49.334892041208654
1.319955932873473	13.550021038791305
38.81181252738876	-77.80078935761702
99.2265686990674	-13.413333834259298
-104.97182069357265	-22.1938521100425
-43.560741452993625	-67.48560365104011
112.46857761870197	-77.1724334515201
1.944895988683285	1.0375561999283607
66.94251491050655	49.10825090855522
14.00793285789306	130.26684200596102
-0.47318855154985157	0.06640585235991486
-27.70762103378659	-54.552514725517355
121.48685902198199	-37.020420007893854
-31.998324366295712	-23.14452806511042
10.38184583597669	9.448749469674656
18.912279681046492	-134.76333652456944
-65.62678307073176	-109.0445086607352
8.292761276799506	-14.82516710993394
48.41031238226315	-122.86043934847203
8.960047046956298	-11.531500707143735
-81.24365808402956	-52.996083506630356
-18.341985416136936	-45.172407092915
107.77532019670122	-60.61952169111922
93.90903552144513	68.46633916036973
-10.842137209010524	111.07214729689011
76.70109642085562	-19.248535254133273
-121.75492017818715	19.314524483269985
-14.938922271475391	97.02641502418774
-87.77507749237085	-48.65688152069035
69.36727616475716	54.90328332763494
-25.542737203449605	-53.31364921343804
-107.01302616009426	-90.19611999573013